32,64,63,43,59,16,52,88,91,29,75,19,36,53,14,72,82
56,29,22,85,64,63,43,45,65,41,96,42,75
52,41,14,84,72,78,73,36,68,88,94,91,16,19,13,92,53
85,32,79,52,91,78,14
21,59,43,81,16,45,55,64,11,85,33,42,32,15,22
21,22,41,42,95,45,91,97,96
45,95,21,32,79,43,96,59,16,41,91,18,56,29,75
29,54,88,81,92,27,82,18,69,19,94,68,78,91,84,93,13
22,56,92,52,91,18,19
79,96,88,18,92,19,78,14,59,84,53,72,43,22,56,63,75,82,29,91,41
95,42,21,97,32,64,79,63,43,96,59,16,22,41,88,91,18,56,29,75,19
59,52,88,56,75,14,82,94,54
32,45,11,52,22,85,96,76,41,79,21,88,91,55,63,43,64
66,55,15,11,76,45,42,85,97,32,64,63,96,59,16,22,52
76,45,21,97,79,59,16,22,88,18,56
66,19,94,11,27,33,54,78,36
11,63,81,43,22,96,85,33,16
29,96,43,53,97,85,78,16,14,79,18,63,75,19,22
41,52,88,91,29,75,72,84,73,94,54,13,27
69,84,33,54,13,18,73,81,75,14,93,94,82,36,56
32,64,22,43,96,55,42,15,65,11,71,97,76
56,29,75,78,36,53,14,72,82,84,92,73,94,68,54,13,27,69,81,71,66
65,85,32,91,29,75,78
13,93,69,81,71,66,55,15,76,45,95,85,32,63,43
66,96,79,59,16,11,97,69,33
95,11,64,16,66,76,55,88,15,97,65,41,96,42,21,43,52,79,22
52,88,91,29,78,36,14,84,73,94,54,27,69
97,32,64,79,63,43,96,59,16,22,41,52,88,56,29,75,78,14,72
13,81,54,76,15,85,33,55,97,71,92,45,95,11,65,27,42,73,93,68,21,69,94
91,29,78,19,36,53,14,73,94,54,27,81,71
45,95,63,88,56,96,42,75,85
96,88,78,53,72,82,94
72,75,82,59,36,56,16,18,78,41,52,22,29,92,94,68,73
91,18,56,29,75,19,36,14,72,82,84,92,94,54,13,93,69,81,71
73,94,54,13,93,27,69,71,33,66,11,76,65,95,42,21,85,97,32
84,92,81,33,66,76,45,95,85
27,33,15,11,76,45,65,95,32,63,59
78,88,96,14,41,72,64,36,84
82,92,73,93,69,81,66,55,15,45,65,42,21
68,54,69,81,33,66,95,85,79
91,22,59,82,84,29,18,56,96,14,94,53,43,75,73,52,88
27,94,93,53,56,75,78,84,72,41,82
82,65,45,54,15,53,71,13,55,68,66
54,13,93,27,69,81,71,33,66,55,15,11,76,45,95,42,21,85,97,32,64,79,63
93,76,97,69,15,92,73
64,79,96,18,56,29,75,78,19,53,72,82,84
84,92,73,94,68,54,13,93,27,69,81,71,33,66,15,11,76,45,65,95,42,21,85
36,22,52,16,78
14,72,82,84,92,73,94,68,54,13,93,69,81,71,33,66,55,15,11,76,45,65,95
56,92,54,84,27,73,13,93,19
33,84,11,14,92,72,71,95,94
85,32,55,76,33,59,79,66,95,11,63,21,96
27,75,71,92,72,68,36,93,69,53,14,19,81,82,54,56,18,29,33,13,94,78,84
69,94,13,85,97,95,93,81,64
71,21,63,96,81,22,85,95,76,97,59
65,63,96,76,42,95,71,16,55,11,21
92,41,94,56,68,84,22,19,91,88,53,14,54,73,72,75,13,18,36
36,53,14,72,82,84,92,73,94,68,54,13,93,27,69,81,71,33,66,55,15,11,76
65,81,13,33,11,76,93,42,45,73,15,55,95,84,92,85,71,21,54,66,27
59,16,22,41,88,91,56,29,75,78,19,36,14,82,84,92,73,94,54
94,27,42,33,84,72,81,93,82,71,65
66,21,15,33,32,27,55,54,95,69,76,71,73,65,42,85,81,45,97,13,68
53,27,93,19,82,33,81,69,36,54,94,71,72,66,73,76,15,14,13
29,75,19,36,53,14,82,84,92,73,94,68,54,13,93,27,69,71,33,66,55
14,88,82,36,78,91,63,43,22
22,91,18,56,29,14,92,73,93
85,59,41,88,18
63,43,59,16,41,88,56,29,75,19,14,82,84,92,73
97,32,64,79,63,43,96,16,22,41,52,91,29,78,19,36,53,14,72
95,33,65,13,72,76,92,14,55
64,65,52,78,91,97,96
71,78,84,56,27,93,36,72,94
69,66,93,72,55,15,92,13,45,68,11,27,73,54,76,95,84,94,71,42,33,65,82
36,72,92,73,94,68,27,69,81,33,66
22,41,52,18,29,75,78,53,14,72,82,84,92,94,68,54,93
43,96,16,41,52,88,91,18,29,78,19,36,53,14,72,82,84,92,73
97,21,27,15,76,96,95,42,45,11,81,32,79,33,69,59,63,85,43,65,64,66,71
54,81,21,93,68,85,97,73,76,55,11,42,95,69,33,66,71,45,65,15,92
32,42,64,15,18,45,79
15,66,84,54,45,93,95,33,69,65,55,82,27,71,68
73,53,27,56,36,14,69,66,54,68,92,75,29,94,93,13,78,84,72,33,19,82,81
15,65,27,32,69,45,73,71,85
64,22,91,36,72
66,55,11,76,45,65,95,42,21,85,97,64,79,43,96,22,41,52,88
66,68,69,79,45,55,11
75,78,19,36,82,84,13,81,71
71,55,65,95,85,97,32,64,79,96,59,22,41
53,14,72,82,84,92,73,94,13,93,69,81,33,66,55,15,11
72,68,27,94,14,71,91,56,81,78,73,82,18
15,69,96,93,95,21,33,55,42,97,63,85,11
64,71,45,27,97,94,93,15,65,55,68,42,54,81,66,69,21
78,36,14,72,82,92,73,94,68,54,13,93,69,66,55,15,11
68,84,78,56,27,75,13,69,82,18,14,93,81,54,71
76,45,65,21,85,97,64,79,63,43,59,16,22,41,52,88,18,56,29
97,88,52,43,36,18,96,29,16,41,64,59,75,56,63,19,72
78,53,14,72,82,84,73,68,54,13,27,66,55,15,11
96,16,22,52,88,18,56,29,75,78,19,36,53,72,82,84,92,73,68
88,56,59,63,29,14,43,32,97,53,96,52,91
63,95,85,18,16,78,22,32,91,97,21,88,41,43,29,56,64,52,19
14,72,82,94,54,13,93,27,69,33,66,55,15,76,45,65,95
96,29,75,41,18,73,94,68,56,36,59,52,16,91,53,88,92,82,84,22,72,14,78
95,32,79,91,18,29,19
95,42,21,85,97,32,64,79,96,16,41,52,91,29,75,78,19
11,93,94,68,81,71,69
96,92,75,82,56,22,91,14,88,29,41,94,19
66,55,15,11,45,65,95,42,21,85,97,32,64,79,43,96,59,16,22,41,88
66,15,95,42,21,85,32,64,63,96,59,16,22,41,52
22,52,55,59,41,45,33,64,16,76,96,43,79,11,95,32,63,65,85
41,19,18,95,96,16,52,85,88
59,16,41,32,63,64,21,55,97,42,95,91,15,79,65
63,16,96,97,95,91,88,42,21,85,15,18,64,32,22,79,76,11,65,59,45
93,21,66,69,32,15,97,55,64,45,54,79,27,33,71
14,72,82,84,92,94,54,13,93,27,69,81,71,66,55,15,11,45,65
66,55,81,71,69,84,36,29,27,13,82,33,14,73,68
27,29,81,68,36,92,78,53,54,71,14,66,93,72,19,55,13
32,91,53,18,96,56,64,59,21,43,78,19,63,36,79,22,88,16,85
16,75,22,96,78,41,52,53,91,84,64
81,68,78,88,73,82,56
92,73,94,68,54,13,93,27,69,81,71,33,11,45,95,42,21,85,97
73,85,11,27,54,95,65,42,93,32,81,33,66
13,93,55,15,64,63,43
72,82,84,92,73,94,68,54,13,93,27,69,81,71,33,66,15,11,76,45,65,95,42
54,13,93,27,69,81,71,66,55,15,11,76,45,42,21,85,97,32,64,79,63
27,53,19,41,75,88,56,54,92
66,27,15,92,84,94,55,11,81,95,42,73,65,45,76,21,71,85,54
43,14,52,41,36,88,92,18,82,72,96,94,53
85,97,64,43,16,22,52,78,14
75,36,53,72,13,33,15
59,52,42,19,64,88,36
78,97,29,36,18,53,91,16,14,79,43,19,85,63,59,22,75,88,64,52,96
53,73,93,71,55,76,65
93,69,81,71,15,45,21,85,97,63,96
56,92,14,88,93,73,84,52,72,36,82,27,78,19,18,69,75,68,53,91,29,94,54
81,84,92,15,68,27,42,95,13,11,69,66,76,33,72,55,71,45,82
71,66,15,45,65,95,42,21,85,97,32,64,43,22,41
19,73,54,27,81,71,76
92,68,82,36,18,91,93,41,19,75,27,84,53
82,84,92,73,94,54,13,93,27,81,33,66,55,15,11,76,45,65,21
43,41,16,96,14,29,64,22,78,36,18,88,56,53,72,52,59,75,82
72,82,84,92,73,94,68,54,13,93,27,69,81,71,33,66,55,15,11,76,45,65,42
43,59,16,41,36,84,94
13,93,69,81,71,33,66,55,15,11,76,45,65,95,42,21,85,64,79,63,43
16,52,18,29,78,14,82,92,73,54,13
97,64,43,41,29,14,72
18,29,75,78,19,36,53,14,72,82,84,92,73,68,54,13,27,69,33
71,42,65,63,97,76,54
55,43,45,16,85,79,65,11,64,59,42,63,97,33,96,95,41,22,66,15,76,71,32
75,19,53,14,73,54,27,69,81,33,66,55,15
11,76,45,65,85,97,64,79,63,43,96,16,22,52,88,91,56
88,52,29,42,59,56,36,22,97,91,41,19,85,79,21,96,32,18,78,16,75
65,95,42,21,85,32,64,79,63,43,96,59,16,41,52,88,91,18,56,29,75
71,33,66,55,15,11,76,45,65,95,42,21,85,97,32,79,63,43,96,59,16,22,41
21,85,16,41,52,91,18,56,29,75,53
56,45,85,43,75,41,21,22,59,52,63,42,32,29,64
85,95,75,91,52,96,88
33,97,66,32,13,76,65,42,94,81,64,21,11,95,93,55,45
88,91,18,56,29,75,78,19,36,53,14,72,82,84,92,94,68,54,13,93,27,69,81
22,16,65,59,95,33,66,81,63,64,76,42,97,43,15
81,15,69,82,65,84,14,92,33,13,45,68,72,55,93,94,11,71,95
27,68,91,56,19,13,93,69,92,73,81,18,78,82,29,88,72,53,36,14,75
78,36,85,59,16,97,52,42,64
79,63,96,59,16,22,41,52,91,18,56,75,78,19,36,14,72,82,92
15,69,32,43,13,66,93,45,79
97,64,79,63,43,59,16,41,52,88,91,18,56,29,75,78,19,36,53,14,72
29,92,68,84,52,75,91,56,19,22,53,88,72,36,18,82,41,73,14
84,59,22,18,16,64,91,53,88,63,29,72,19
27,56,72,29,92,81,53,69,73,36,94,54,68,82,78,33,71,18,13
68,92,53,91,36,29,18,78,72,84,73,94,13,93,81,19,27,88,54
21,13,68,94,33,45,11,54,71,66,69,55,73,65,81
93,29,13,19,92,36,91,52,88,78,56,73,27,84,69
56,75,72,82,73,81,66
85,73,68,21,54,76,95,55,45,94,32
66,45,65,95,42,97,64,43,22,41,52
63,32,43,59,85,41,95,42,88,55,96,22,97,91,65,76,11,21,16,15,64,45,52
45,43,11,66,55,64,63,93,95,69,81,13,21,79,15,97,27
64,32,88,79,41,22,18,75,56,96,91,21,45,29,59,52,85,63,95
69,81,71,33,15,11,76,95,42,85,97,64,79,43,96,59,16
15,68,13,66,71,93,11,94,19,92,36,69,27,82,81
43,71,96,41,85,97,76,63,66
95,97,64,96,43,79,93,85,69,66,32
22,41,52,88,91,18,56,29,75,78,19,36,53,14,82,84,92,73,94,68,54,13,93
82,76,72,14,71,33,19,36,93,13,73,92,94,53,84,55,11,81,54,69,66,15,27
72,32,19,22,56,59,36,16,91,96,82,88,29
79,65,95,85,11,52,56,42,21,91,16
16,22,56,29,78,19,36,53,84,92,73,94,68,54,13
96,84,19,53,94,88,68,72,36,52,59,92,22,56,78,14,16,41,75
22,52,91,18,19,14,68,54,93