8379519
8825018
7346587
8726021
1408335
8926391
7344330
12154982
5322705
3967318
9431868
15605383
7981359
9111465
9216809
9644807
242650
11077401
6913175
10160053
9018568
14999183
7056274
230487
15592927
7394733
13534823
2135233
1232996
11080296
14748697
8256184
9233510
174690
8281846
3447150
654279
13746703
9371171
10987194
3442458
15300439
3443582
7100340
8863881
7287793
15138889
7428096
15948842
14482935
15584869
2065057
9010551
14949710
16431328
7042585
8830518
3716015
5083380
11344209
3867644
13110450
300933
6729954
16776561
7267642
11557470
8931897
12494783
10141405
10259284
14870893
583179
2795147
772531
4246677
9187459
12476093
7970570
12014095
8770952
12480164
211881
15174480
1693048
2726568
3913684
8096144
8036374
6111322
6940858
14031394
6125821
10162817
1642240
617227
6033025
9106029
14277527
9386809
15194904
12315642
15682128
5271957
10335472
8358617
10527598
4372794
9037959
16339862
7098924
5235751
7031268
7713492
1120495
13829857
6990801
16145051
14233702
12616681
4291778
6359652
12775592
13726478
4142362
3210148
8216027
7285846
2921051
4756470
4401301
1723788
11078962
11016441
3338402
12302936
10012075
2200031
500345
2430560
3766181
10944860
5773315
566490
4559451
3670339
14184428
3391204
7726902
487800
2768641
1308389
10724901
1531699
1996964
8724868
5412761
1646997
14616989
7590090
3489214
6329995
10958574
14033509
15285966
15841488
2436260
6765432
10496343
4249190
6048213
3827898
15415282
13072496
11721525
1568363
2727000
15770271
757753
2575906
3434728
531337
4272320
7908968
14828397
5550411
9396616
5603027
1471412
2769061
1677753
7479398
7660421
11999630
9196380
8901338
10257380
7879818
4180160
15159772
9632732
12908999
12759219
15738434
8730594
9268957
4079988
10603733
4689069
16714869
6392976
4678511
771469
727747
3599785
11719682
1588134
5416118
6024989
15372403
12421360
12672808
4492622
4216871
9344704
670959
5257015
12811694
7449472
10761197
11213994
16539168
3943824
15803228
4082548
8565124
16351654
13060746
14714938
12902875
3449006
7528984
13806022
2579058
15440911
4479593
16134380
15648893
5807702
3588472
15779863
7302739
11884928
375456
9363171
15345943
1182416
6567205
9079793
13871902
8193440
5452843
1297561
12392735
412368
7611881
15786654
5696230
15417478
9613664
9334664
10895122
5360976
6216599
4503241
2632304
10717816
11262148
3378970
1815400
2198041
5032945
9937937
11845414
7036571
9878249
4265503
12266841
2240900
15713549
3726483
2393772
5195535
13403272
13293193
11542145
3359136
6671114
5814239
10246136
13354048
12558201
9515677
603629
14163012
12292767
4347483
2468637
13942987
16438979
14895716
6080677
7770431
7193427
4106121
14764716
15702744
5696359
8054665
16438068
464692
8920543
2684216
12840686
16354113
6787341
14216561
4959554
1385794
12076188
13949190
10150080
1598046
8258380
14519991
14949833
509711
5453163
4863310
7614306
3158499
8801713
15594713
3556336
5348454
1213956
16346590
369154
15436432
9501232
3498564
310814
1309918
9774360
3715208
9001814
9401390
3744560
5120643
5414468
12644309
9487407
3711231
3351300
1979802
12247002
14211018
9244666
15142958
3350451
1650433
12023341
5005901
7449305
5955742
12917362
12798741
9378836
11321672
2350570
6058547
3521847
15510472
826828
7778369
12787811
14037814
3577857
8677426
7364735
7920743
10457303
13648369
669801
10708686
1465237
14334773
13104342
1514306
13343190
4577835
3692947
8413147
782652
12703015
13160761
10706475
11690567
6672987
632736
5243095
4092699
10881705
8535421
9980320
4356920
6758905
16435080
5346684
4347776
9498081
13143886
8068215
13585735
9642051
15151229
6511246
3597729
6835794
11857110
9392314
9462979
3472571
2096250
4990406
16605672
15406841
15753512
10864777
3764237
8214890
8780613
7025774
13048968
8293289
11847734
4389158
10910644
3291548
2931799
6748821
11639463
8070637
10002789
11211256
5332327
5156648
12445067
2396266
15224822
7307605
15405434
14194873
10081342
12867548
10780179
10817198
15453172
14116496
15812101
10575757
14396015
7132208
12244616
3722945
1235889
1774619
3278331
15668543
2955759
11200470
6252692
11015739
8842842
5464825
16483494
5765981
5888797
16247880
16083479
1784218
3934295
4216128
8947101
13338992
11311597
5416175
3203382
9155834
2342485
15793119
2525667
14020627
4395954
14441465
16500803
15211853
3149549
3633263
10950643
3443222
10278152
8418949
10371556
2105378
4226898
10608507
10631616
6182266
4420849
16213558
5046126
9440098
16751810
15224587
15598973
2656628
13189032
15992275
9358543
13404681
6222335
14019799
12480310
3951162
11438399
3016196
14595856
10053206
13213107
7356157
12040958
16733914
12866962
15144658
2323383
12399988
15860723
692631
11579604
2119882
13150354
6222344
3707155
5886984
1282749
15362817
1846506
11548795
15312772
9720325
3836110
822959
2113204
14463042
11391099
13403554
10795315
10500132
528313
7124198
7355116
6845021
9793766
3120502
6424743
3517777
5304117
1583182
7961615
13769975
4877353
4965537
11481961
2776820
12408366
11877844
4838564
16117279
3359599
4515352
12812769
1843640
11133199
4979121
5236172
13581988
6604264
15930279
3198438
13400922
10525087
5132995
13811003
4272582
2142085
4472916
5779698
13360156
254251
14925114
3393208
15655596
2877646
260207
4897058
272366
3381494
1556491
10794228
4134253
13405824
6952566
964983
4953842
3731017
9030718
12530437
5493009
15831319
8888219
5230458
13487219
782631
14676081
8424778
14882664
16717299
15142416
11169209
16206574
10587638
13391532
14421513
15544072
15453521
14113529
7184440
205633
6988827
5553645
3114903
14197595
8399272
14095638
13423966
11658410
771322
14373999
16282443
8666640
315056
15121668
506727
11889314
2795563
1407785
8989204
10472650
4171702
10320701
12302314
2043199
8819565
16453249
16451827
5866873
5955171
2297751
4269186
15478829
13620792
12833710
1036590
11881246
2385071
7705992
2642205
4363232
9439825
10001857
14958982
4256878
3796504
11363291
9785860
12395546
15273053
14983384
10732341
9635109
14290406
3074585
5231912
14091873
2986194
16596341
6361864
1051239
7190919
3144045
7839679
8184451
15850294
12538227
5639265
10353161
5613515
5595690
3599031
493247
487195
708496
12921191
10785827
6221596
8075967
5347865
12329135
7181245
12714522
4319539
6804927
14016097
5210191
13713623
6794139
11547835
6779044
3938890
396046
6247868
13241514
7342110
2239553
16059330
1041485
16450856
13500141
12049868
2496738
6547122
8305074
9441455
2587030
696369
3876135
16541083
6074172
10885732
5974639
6942460
2167352
1463243
14773321
4909299
166577
6851365
1410118
1683707
12635396
4743923
16556891
5982766
10415554
11773136
12977450
7860913
12479802
9882136
10096497
7496772
10352092
13191722
1491590
5619675
14143076
7361417
5631060
13419317
4709375
12372267
8877118
3129840
11642144
9879101
12591929
15567490
2846450
4337180
14878696
15701139
4579551
9249091
11502025
5167836
15785643
6486162
1773674
6223983
14616089
4338606
10693489
6652344
6597698
1641174
4132226
3354063
4639711
314943
2416189
8513268
3357974
4501955
11460210
14549496
13380451
15849879
6943784
10618426
14953316
11393191
3308113
11144094
14410582
3402060
14600508
5491527
3471896
16441911
13844522
1455214
11285677
3932573
2383451
10904008
15158525
8205595
11327621
7601929
11227582
6976281
15642636
7598844
4534824
14569504
3455346
5110383
7576627
16012547
15550508
7595195
681142
8138659
11527607
5539129
15294931
15463615
15012058
3798813
15842487
1241910
8156979
11822220
10177429
12226073
12869252
11704157
12204912
1443857
3533857
2016319
3614210
642468
951902
11036721
10309304
12231263
10880588
1373972
9178461
6814737
14231093
10508611
7602603
1705193
4346574
1425263
6249358
7749301
2916847
11186409
9886827
6421555
3680386
10095235
14088522
7804705
9177742
14558421
14561326
6227859
12980921
4446545
7333749
8272123
279071
11962347
3700825
13103186
4076887
4953208
12384580
6548228
5750635
1486043
8279258
16254043
3751661
16267565
9816836
11105663
1446848
7399095
9006473
13356946
980204
15314773
10683673
6528462
5555388
8718895
9521600
3408973
806297
15084078
11202087
15719572
5794664
523162
6607599
1657100
1401548
7714408
7746271
1759518
2382213
15445889
3593320
12572397
7688224
9177633
7904626
11059821
14411116
5311687
2577939
12139001
3753654
8539318
2374177
2382752
6007890
7428405
731992
12917186
2672663
15392196
203236
11665168
10140245
15778424
6191851
14661230
10686816
1582170
10258356
9468141
13735721
6500183
13262790
11910071
15025994
12394675
7215192
10119071
14661063
773687
1117942
6107367
15461167
13819002
1409102
11652547
6206704
577450
12003730
2400861
1869994
9496300
5607097
12103424
1588712
3892529
7736709
10626739
16540390
7916506
6885332
13823635
14884425
13792718
11801450
16226042
15216704
9758185
9546987
8205263
14711096
15893420
5681987
6305588
2730578
3149312
15147863
12342885
13147117
11204472
7439664
12591483
4317195
16481107
14180201
7127480
12329186
6975376
5897974
16321529
5164775
1616117
14953432
1924120
2989178
2542288
1354383
16152370
905188
3295059
11811227
9423900
11537806
11038725
16342383
7534505
318556
16589212
13191093
3568632
7650230
14470358
2536402
8332151
7509580
5271659
11150826
4794390
11799709
8400943
15843003
9351634
1726267
4609188
10039515
7242672
928084
4521455
13332203
11767837
11817025
9905916
10795398
13552597
13634535
6800127
4838026
4265348
16383338
6482441
1215908
10129032
7847206
10414715
8369847
12915640
4904441
13467217
15436260
13932880
2959852
8896028
6138314
11225292
12073644
7485754
14664312
2523148
16254670
325007
13874804
4565962
1845928
13119825
4350459
571979
8829058
8085989
9534336
4797189
12730137
13366222
10084894
7297789
8922853
9124803
294774
1378489
775471
9005246
15578412
7508929
13549556
8799369
8047314
16361471
10298766
10579152
6544071
16683683
13746072
1197075
4452113
2232742
3755980
11409682
13970930
16438934
14356639
5011004
11447377
2043390
1644571
16044717
8551892
7197807
7195329
3224801
2712250
10520089
10566845
2362865
14464572
8041394
7303431
4691067
10053748
15058071
13754459
9712046
4292691
1312767
9741175
5817096
9648224
11264901
560604
4929848
3921801
2210149
1111646
8962672
15808848
9146971
1298903
13473041
14225967
15453038
332048
2593033
15243520
7877796
5131578
1465243
8048821
3760170
6428039
8715374
12149124
2219874
4160590
1514682
5974558
4403720
13607333
6829138
10390381
9105582
11285666
12229861
4865922
7392455
16677524
15645821
14572126
1786542
7869445
13852024
11609158
16255822
5317125
6461082
5033297
10719330
6930984
731594
6274008
3460535
865464
15689224
15161150
13461597
2752003
16638437
5230999
10451027
7766311
5499223
14053484
3997419
16578461
8744272
869052
13474299
16073903
3305116
4643876
8541887
9334347
5841373
1807840
10818932
2616591
4448588
6797823
13929632
13595403
12581847
4640513
5330745
2235299
9550275
3384711
13801532
8160783
6080145
10072729
4554345
7894829
9531437
3424891
7768466
15470108
11781552
4259248
8514872
7805066
7740914
3579731
8073236
15982549
3445032
9133164
1012388
14618165
14856797
6017888
1453566
6861446
16557906
14621733
4598963
1085937
821400
12069162
13484025
5109661
5093893
6076776
2514968
11869037
5719747
5898584
13104782
5214558
4058406
10386924
4837246
7502415
16103224
4482522
7652478
16080116
6430360
2975230
9738824
10391924
2082489
13107339
16325241
5270392
844011
11434061
15030289
2239684
3537834
5100558
3100255
2301196
398290
5480103
5309372
12237439
15635471
8237347
278899
9050282
3733166
7070099
8148571
7237714
4063592
11595307
11738790
14832315
1127213
9612363
13201344
11310102
14398251
3957268
14622588
2489367
4632418
7238162
12720121
13385622
9898487
4001656
15960985
7948936
8386630
7385436
2785931
13960762
9627451
8210452
14949506
10392428
6276871
13755605
12995005
2122475
8164971
15096941
5444760
15149208
9930009
6124968
9786798
6341651
1099397
1517257
11054563
15978255
3196016
8402457
10260628
11889428
4256766
10480708
9767608
1212073
6447824
10571495
1615589
15803404
3734733
11676218
9078714
1532242
6258847
8904044
16228284
15931986
8626627
13300159
11154511
15122418
14718247
4244479
841535
1621355
16478671
7106154
8473617
4633239
10206132
14967185
3265114
14666233
8127854
13836579
8704324
7733516
8705650
3999999
2588825
13637981
14911960
16724791
2612706
5351529
7492992
3613720
6868580
907900
13788470
7344497
10217027
13889988
12210731
16183762
8185721
12862848
3290737
6175338
2620917
13299093
6111137
4047531
13973217
9747437
14720209
8312532
14890182
4620017
11514923
9927086
2166583
693731
16059684
9850366
8279957
11790644
13221695
3468315
7271301
2923769
4948864
9999426
4376050
920121
9822826
10648884
3520136
8938615
12982878
6909094
3842841
3150516
529509
5375770
7213988
7556700
4421947
12075618
13790804
12756439
145251
4834638
9962073
6364165
15705693
15768200
10814542
3854544
4660451
16746679
7459452
1075404
16257269
10316185
8859757
3621451
3642121
524483
7740680
14703758
5415492
3462184
871085
8819078
3934426
10967179
3326677
3818329
16272882
12914016
15328285
1915926
8329303
9489027
7245809
15435570
4322109
9445785
8927605
14895367
16103122
794790
698367
12634186
8415799
2328260
2099428
1849178
13430136
4217513
2268499
15171453
2118069
5326811
8158612
14681496
183664
10217254
13500962
12236402
760858
15436838
5843192
16496511
5952645
6881338
4612241
9105472
8647351
14947958
11827051
9094771
15280320
4575129
12112875
5594357
10604764
2892849
6861621
614603
16511711
5505429
10287817
2286031
2142547
7982925
5340782
8078231
11448601
8937989
5613449
8806289
11588198
14991881
2339305
14176755
6069529
12648865
7377343
2944967
12643879
16557731
15254676
9622679
13447576
16332212
12146958
9998679
6278682
411823
11486322
2982820
5275015
3442612
6645539
6155327
1759996
13031782
10190759
1385571
14173237
7364019
8760349
12481498
12300990
6501277
934326
8428547
16706391
6670376
13553206
6897276
3106938
6772638
15302246
16703484
14018923
7435529